7210725398|pfq05d|1770419319|6
7071407418|y43s5x|1770419319|13
6269475235|24vntz|1770419319|67
6269475220|azbg2u|1770419319|67
7225942186|yxzztg|1770419319|2
7225944277|v3uk0r|1770419319|1
7225942265|g6qkgl|1770419319|2
7225942289|n9s8td|1770419319|1
7223832195|5k4sif|1770419319|1
6851607194|dtd85w|1770419319|6
6818703360|q58mnp|1770419319|7
6986555350|bovktn|1770419319|18
7213562131|8ve7hh|1770419319|1
7211896629|wdiduw|1770419319|1
7211896675|3z387n|1770419319|1
7211896621|b98naa|1770419319|1
7211896666|zwnat5|1770419319|1
6944412927|zqpo3b|1770419319|16
6988618697|twico4|1770419319|2
7202549993|eq2uuh|1770419319|1
7202550046|352yk3|1770419319|1
7202550024|3z3cu4|1770419319|1
7202532904|w3d26t|1770419319|2
7202532983|e4i16d|1770419319|2
7202530988|p1vb29|1770419319|3
7202530598|2fofy2|1770419319|2
7202530490|jjt7ya|1770419319|1
7202530793|hl88mg|1770419319|1
7202114002|iqu3qk|1770419319|1
7202114086|5d9ns9|1770419319|1
7081983758|0a30c0|1770419319|5
7201991951|72mc5b|1770419319|1
7081983859|yihiv5|1770419319|4
7072717251|pulv4s|1770419319|12
7192791030|g449g4|1770419319|1
7192790978|ly6rm5|1770419319|1
7190034429|gr405w|1770419319|1
7190034442|eciuff|1770419319|1
